256
6.121701756176186615e-01 1.690697543456364249e-01
4.360590193711701978e-01 7.692624725231228533e-01
2.953253044028761876e-01 1.491629571394897935e-01
2.247832454416176517e-02 4.202244922645577141e-01
2.386821412464460446e-01 3.376561918887923675e-01
9.907124646308786975e-01 2.377264539000227828e-01
8.119265945121156847e-02 6.696002382466298419e-01
6.212429194006969801e-01 2.742535302065184366e-01
4.662214098949730712e-01 1.183677511232835711e-01
7.395756414320420191e-02 9.007741791606836967e-01
7.939625604796284319e-01 8.405696487242811932e-01
8.152074574529406537e-01 9.909548513304101691e-01
5.772738296076793674e-01 8.137669170364877358e-01
4.213178773992187764e-01 2.744795981315373279e-02
4.541366431584699104e-01 1.053260853150931320e-01
8.172200615549912728e-01 6.977277345956326426e-01
5.652854013397264898e-01 2.742272954485119874e-01
9.984737436896493623e-01 1.380420530559359760e-01
6.154156874681223632e-01 4.850363008384325214e-01
4.050270358933067971e-01 7.278490965015234071e-01
3.228139254843898076e-01 4.005455499167850375e-01
3.189664036607043895e-01 9.472218293925415145e-01
9.187083622644343084e-01 8.138443779202848560e-01
3.407709152060178770e-02 9.433728691449648762e-01
9.504391649155010668e-01 8.065910506231763755e-01
4.812780422030105143e-01 9.667592260965734985e-01
4.169790843969878313e-01 3.188401259211742778e-01
1.644281760441979046e-02 3.818192568347378302e-02
5.308965044499003305e-02 1.279608146375313948e-01
3.338315945725478517e-02 2.264210923995350067e-01
5.439089053152612596e-01 1.786258099872015670e-01
1.793447838660334748e-01 1.496132157359305603e-01
6.830131255680931268e-01 4.690085506202741339e-01
7.682479309034291326e-01 6.688140585670866445e-01
4.412681772565862914e-01 5.952254504410683378e-01
4.616566187671286015e-01 9.632668729744531255e-01
1.478113790634574265e-01 9.068131269665934413e-01
4.979248360998828060e-01 5.924984671923366752e-01
6.846579879064870200e-01 1.774506640118216350e-01
8.646854870467618470e-01 4.820887768136816742e-01
6.934179411604257659e-02 3.647313360450743502e-01
3.615041933222986614e-01 4.720634995274146650e-01
1.794848477076870230e-01 1.752798403877694478e-01
9.491296024792569286e-01 6.556823148366804910e-01
1.349955315240581877e-01 9.277858261821542163e-01
8.417916174207136226e-01 5.277603574874856207e-02
2.036835173414109912e-01 8.725016385371712202e-01
6.738480639606584388e-01 2.972725101221368460e-01
7.344130787127609583e-01 6.183402708174414730e-01
2.104992458136817346e-01 8.020645771864354234e-01
5.910708122795627073e-02 3.082233049139541103e-01
2.073674937066856128e-01 9.721908287997573783e-01
9.094185811939524688e-01 6.764541927720003622e-01
1.151861039015388277e-01 9.579806795100961336e-01
9.171332385069930204e-02 6.297964666602615669e-01
9.029005441226671813e-01 3.397972776630062697e-01
6.528042918753561574e-01 9.251585152383580146e-01
3.739835024254973828e-01 7.713641760445277828e-01
8.961647257520929388e-01 6.201780886517246349e-01
1.510600740849260548e-01 3.749197461201476678e-01
6.358405549329920747e-01 4.590707313798783051e-01
5.322381690126208875e-01 3.522921819565613122e-01
6.598619615731335930e-01 4.765234308338670566e-01
4.545949437290333073e-01 1.247975296576512294e-01
4.124722365073413277e-01 2.730957223335443995e-01
3.467408790371445670e-01 9.743742936677565192e-01
2.155805889803954489e-01 6.828429097734570741e-01
3.180999373346571346e-02 8.353829383213080551e-01
7.016523439371455950e-01 9.659437771056171851e-01
5.918162105115843952e-01 2.173454211928642632e-01
7.192262353367704364e-01 3.086998935684492906e-02
4.187079525162981097e-01 2.812251191568007069e-01
1.062443591951068855e-01 4.263462177034031964e-01
8.405775053533088848e-01 1.104113421525999561e-01
9.866524488006147564e-01 2.332933247428502499e-01
7.214115754924482760e-01 6.608920274440209797e-01
7.775670746928675658e-02 6.972842953304465574e-01
2.653062435357225191e-01 9.018383614688021410e-01
8.182638736220813058e-01 3.992331952764400782e-01
8.202854239996635322e-01 1.978150830214402411e-01
5.225250701076165072e-01 4.124748320672889657e-01
9.258338621887268749e-01 8.253804525121795077e-01
5.010296716731554856e-01 1.167889193986961782e-01
1.159232017150879646e-02 9.131504384208618541e-01
5.123974776541504461e-01 8.430821100890738551e-01
9.484669477914842162e-02 8.034266175599356075e-01
6.222815231149381177e-02 6.354944773255248869e-01
9.687811501818421878e-01 3.974322298670653897e-01
6.595867771139669600e-01 2.148667360457733322e-01
8.898656207950376151e-01 9.866316190262711672e-01
7.386745782934652782e-01 6.414866561542935663e-01
2.521563867793219504e-01 4.758089394289205520e-01
2.680566767984451371e-01 8.682605508498004721e-01
2.668889835592492821e-01 9.730156989753581120e-01
2.135559492874011811e-01 2.977747026652346474e-01
7.367692226278673706e-01 1.289131948311195153e-02
3.023443796977021147e-02 7.338233420580557720e-01
4.982568859051632604e-01 2.180671770550626221e-01
8.929963256854245301e-03 8.507030280414582535e-01
5.364073991185076551e-01 7.235070466301343206e-01
6.615501030781817393e-01 8.387808016549526124e-01
3.881953479378267291e-01 4.261811665168677710e-01
8.281299373351339588e-01 4.690088373689639267e-01
8.200326165639790776e-01 1.417693630999861121e-02
3.967640064341529937e-01 1.283458441189240240e-01
1.180871439999364725e-01 2.059838007737170296e-01
7.476282942578746926e-01 9.300862219209009574e-01
3.806534459169620410e-01 4.605926005399495482e-01
8.733625483848447280e-01 8.145211066011374124e-01
2.497263970608587513e-02 8.730081597960356321e-01
6.045514841847405840e-01 5.164382782416475637e-01
5.892849231130379284e-01 7.998110529888569076e-01
1.732809604279487159e-01 1.868646192839916731e-01
2.581714672464157090e-01 5.106636174545586826e-02
5.526423137466098812e-01 3.518481833349622612e-01
9.169875451873800154e-01 4.765978576587504012e-01
1.045379231051415392e-01 1.525253462898197299e-01
2.735291714579581868e-01 7.815514389661986083e-01
3.931099712285006653e-01 7.988790164972926489e-01
4.330679469628926359e-01 8.155348949729168684e-02
1.064325730165849304e-02 4.308845626577774146e-01
6.628368308144048093e-01 5.152015072810762764e-01
5.801259080387516365e-01 4.931028608449518069e-01
7.404885372099899721e-01 7.894166020625641433e-01
7.810707405856220920e-01 1.275399321505119588e-01
9.401403183789857065e-01 8.777167752038778081e-01
6.995091713965531088e-01 9.368951429317354807e-01
6.737870488998708440e-01 5.944253445746973119e-01
3.450086004143076979e-01 8.356593000107437330e-02
5.793400366024857862e-01 1.761505551032116479e-02
5.524107803856455057e-01 6.325979833137297392e-01
6.784446665004875143e-01 1.705232770814328891e-01
5.770652202285013743e-01 2.059740446099636024e-01
2.514767381351549203e-01 9.692641099063277199e-01
8.965850388239052782e-01 1.228413522038596106e-01
8.812380164656732351e-01 9.479810846140565017e-01
4.599145771180349618e-01 4.129504503702502438e-01
5.771415953491236817e-01 3.834810625360374203e-01
1.642280134768655531e-01 6.487169700003861950e-01
2.490475913546725817e-01 6.589097664714402836e-01
9.004194711495698833e-01 9.075600520294961893e-01
7.293059078629581249e-01 1.749949406355298942e-01
4.174529171323961840e-01 2.542303683726951924e-01
7.371503185275057879e-01 3.715749949089121040e-01
4.491263584373943463e-01 9.369805265222719282e-01
8.130535179317904815e-01 3.025421701040920119e-02
2.564087961576808627e-01 5.792867859588369805e-01
3.835244194626641345e-01 7.779219361570092195e-01
5.296327628322482495e-01 1.160151139706375734e-01
7.644211018506218425e-01 1.923155618374254860e-01
3.758146972727083313e-01 4.099407233804086559e-05
9.469208609457774317e-01 6.986107059060132629e-01
9.348905505698057450e-02 9.394650651755800386e-01
3.148339196431334530e-01 2.593449596946741931e-01
2.643459422712711726e-01 7.353979903910897731e-01
8.627311048843470109e-01 5.548815657908401366e-02
1.164311239980853063e-02 9.981349608520920791e-01
4.053132926093490074e-01 8.406937994475572884e-01
7.841671397249261322e-02 8.417798312538206096e-01
2.222534942340037567e-02 4.198282246375627524e-01
4.685912588665595013e-01 2.267897934316301933e-01
3.825414048573259063e-01 3.872156740617200832e-01
8.534816297293059684e-01 1.388821529649336695e-01
6.692425072411657405e-01 5.758089017312731928e-01
1.320178072125839375e-01 1.642113760216165064e-01
4.192576300078620921e-01 1.123935740741488498e-02
2.158900840740768379e-01 3.212756042266703416e-01
8.177039409452919738e-01 8.402442362764593886e-01
5.274148744637506825e-01 2.563276435064218983e-01
6.967924379720324968e-02 8.750539456765632496e-01
4.587687777454659832e-01 3.926192157876107203e-01
4.255019561612379819e-01 6.429413446492761031e-01
5.414896174011034624e-01 7.091652099180617563e-01
4.465691486155320966e-02 6.269757434891709558e-01
9.694624012672571345e-01 8.172987215560494345e-01
7.615023629679072981e-01 4.883869098158238886e-01
1.255491507710427834e-01 2.951330021404274806e-01
2.596012714187734272e-02 8.069643014898897349e-02
4.218974762999283534e-02 4.552578763958279318e-01
3.111353379263170904e-02 9.610146565592964096e-01
4.190214786845256612e-01 3.738927146660544487e-01
5.054830532174017232e-01 4.714254580339916068e-02
7.291541765659513841e-01 9.262903785821918756e-02
9.756531263665777498e-01 4.119403605896719833e-01
7.878021922830751311e-01 9.674220999865690285e-01
9.288305281374656941e-01 8.157038680964346922e-01
9.213239951683058759e-01 7.115954037332975490e-01
5.681973337976264915e-01 8.387669876159274951e-01
6.260627374540971291e-01 8.129737781845391975e-02
7.808558817453536971e-01 3.575058803992202661e-01
7.897356554976020515e-01 5.782086590334784004e-01
7.830993149895745242e-01 8.082957080274066897e-01
3.311784853423328512e-01 9.682497398256060261e-01
9.007627316763765490e-01 8.254352494809383822e-01
4.204848955215645390e-01 8.900901185426224327e-02
6.523344465806474313e-01 3.130785191878352469e-01
4.890802040464884426e-01 7.877766296912576127e-01
3.684991627881388787e-01 9.498538457768016530e-01
2.697070311494161876e-01 1.255650043125624560e-01
7.311363491412152804e-01 1.159903043009253842e-01
9.324270971280756992e-01 2.684697294738058737e-02
4.447241830062118595e-01 6.594907259958873169e-01
8.976334208965253136e-02 6.043967992061760608e-02
9.395972382142184776e-01 9.368004786551834551e-01
9.406646950091461790e-01 1.430879577802299796e-01
5.552611380400701568e-01 1.552738270154768729e-01
4.241568438200301605e-01 7.976888514813822439e-01
1.962841511516825177e-01 5.187580356956681404e-01
1.615134740498437305e-01 4.084528925543895461e-03
6.066664626842251939e-01 9.642704648346007712e-01
8.462403894363031975e-01 6.661348488131774159e-01
7.554907732905881135e-01 6.321520092271182278e-02
4.701499440362405524e-01 3.164175187592966898e-01
1.806055530601251569e-01 5.135501176604452267e-01
3.118466729696056650e-01 7.781246828849254227e-01
2.644195738008097152e-01 9.209164489770204076e-01
7.370531144468134288e-01 2.946856085057070196e-03
9.630349136000445620e-01 6.675339674001700141e-01
1.031687858232009924e-01 8.345390041058784458e-01
3.268285109356303675e-01 7.103360610808362452e-01
5.236757748888274389e-01 2.347844981912139417e-02
3.530194589926693993e-02 6.976096024069599055e-01
2.975878880660722814e-01 3.108039695859295959e-01
1.610514240828599952e-01 9.972144707947667719e-01
2.451587627529202562e-01 9.863656450247311192e-01
3.044350530852422132e-01 2.599580104548914194e-01
4.226985648152451480e-01 5.227923671750117629e-01
3.698151255639371415e-01 2.127950133509388664e-01
1.273003027371260032e-01 2.484389776552241580e-01
5.054742430729332048e-01 6.172509019754179871e-02
3.006467692274699122e-01 6.397423040985833476e-01
5.417359525491315386e-01 4.698054961663389317e-01
5.280664048157447388e-01 7.443454989323461390e-01
3.875804400332744093e-01 6.761559151509624055e-01
8.653077880851891557e-01 6.065847479720212210e-01
7.247518228952144481e-01 3.343351186517040663e-02
4.498960392207469461e-01 3.717229214211112964e-01
1.477891541486905380e-01 5.111800215702726469e-01
1.000576261676511258e-02 8.511349694719930747e-01
5.569890699785716714e-01 3.866434791266455395e-01
6.456218416735219900e-01 7.627500078735994782e-01
2.484498592343191703e-01 4.042203749518238354e-01
1.790342123066325231e-01 6.604270751262083516e-01
9.994630244322699753e-01 3.268261019597007433e-02
1.379943920187065576e-01 2.103285969701466085e-01
4.386589006057572959e-02 3.115027320569364599e-01
1.479999462028620538e-01 4.885796829610977721e-01
3.821623594289257353e-01 5.265154520554918838e-01
6.789434527470505909e-02 3.414773750055165591e-01
6.516885933402628561e-01 6.143613474418083698e-01
2.197329653442150477e-01 3.414019399297179014e-01
2.633635645093167499e-01 2.097171018238175311e-02
1.233050993588616917e-01 4.766488929815755338e-01
4.840776802430347692e-01 4.908761395038458986e-01
9.925195186630558775e-01 5.984441781538074601e-01
3.055095984225794092e-01 8.535708676106052994e-01
