64
6.121701756176186615e-01 1.690697543456364249e-01
4.360590193711701978e-01 7.692624725231228533e-01
2.953253044028761876e-01 1.491629571394897935e-01
2.247832454416176517e-02 4.202244922645577141e-01
2.386821412464460446e-01 3.376561918887923675e-01
9.907124646308786975e-01 2.377264539000227828e-01
8.119265945121156847e-02 6.696002382466298419e-01
6.212429194006969801e-01 2.742535302065184366e-01
4.662214098949730712e-01 1.183677511232835711e-01
7.395756414320420191e-02 9.007741791606836967e-01
7.939625604796284319e-01 8.405696487242811932e-01
8.152074574529406537e-01 9.909548513304101691e-01
5.772738296076793674e-01 8.137669170364877358e-01
4.213178773992187764e-01 2.744795981315373279e-02
4.541366431584699104e-01 1.053260853150931320e-01
8.172200615549912728e-01 6.977277345956326426e-01
5.652854013397264898e-01 2.742272954485119874e-01
9.984737436896493623e-01 1.380420530559359760e-01
6.154156874681223632e-01 4.850363008384325214e-01
4.050270358933067971e-01 7.278490965015234071e-01
3.228139254843898076e-01 4.005455499167850375e-01
3.189664036607043895e-01 9.472218293925415145e-01
9.187083622644343084e-01 8.138443779202848560e-01
3.407709152060178770e-02 9.433728691449648762e-01
9.504391649155010668e-01 8.065910506231763755e-01
4.812780422030105143e-01 9.667592260965734985e-01
4.169790843969878313e-01 3.188401259211742778e-01
1.644281760441979046e-02 3.818192568347378302e-02
5.308965044499003305e-02 1.279608146375313948e-01
3.338315945725478517e-02 2.264210923995350067e-01
5.439089053152612596e-01 1.786258099872015670e-01
1.793447838660334748e-01 1.496132157359305603e-01
6.830131255680931268e-01 4.690085506202741339e-01
7.682479309034291326e-01 6.688140585670866445e-01
4.412681772565862914e-01 5.952254504410683378e-01
4.616566187671286015e-01 9.632668729744531255e-01
1.478113790634574265e-01 9.068131269665934413e-01
4.979248360998828060e-01 5.924984671923366752e-01
6.846579879064870200e-01 1.774506640118216350e-01
8.646854870467618470e-01 4.820887768136816742e-01
6.934179411604257659e-02 3.647313360450743502e-01
3.615041933222986614e-01 4.720634995274146650e-01
1.794848477076870230e-01 1.752798403877694478e-01
9.491296024792569286e-01 6.556823148366804910e-01
1.349955315240581877e-01 9.277858261821542163e-01
8.417916174207136226e-01 5.277603574874856207e-02
2.036835173414109912e-01 8.725016385371712202e-01
6.738480639606584388e-01 2.972725101221368460e-01
7.344130787127609583e-01 6.183402708174414730e-01
2.104992458136817346e-01 8.020645771864354234e-01
5.910708122795627073e-02 3.082233049139541103e-01
2.073674937066856128e-01 9.721908287997573783e-01
9.094185811939524688e-01 6.764541927720003622e-01
1.151861039015388277e-01 9.579806795100961336e-01
9.171332385069930204e-02 6.297964666602615669e-01
9.029005441226671813e-01 3.397972776630062697e-01
6.528042918753561574e-01 9.251585152383580146e-01
3.739835024254973828e-01 7.713641760445277828e-01
8.961647257520929388e-01 6.201780886517246349e-01
1.510600740849260548e-01 3.749197461201476678e-01
6.358405549329920747e-01 4.590707313798783051e-01
5.322381690126208875e-01 3.522921819565613122e-01
6.598619615731335930e-01 4.765234308338670566e-01
4.545949437290333073e-01 1.247975296576512294e-01
